# Layer Numbers: 3
# Layer Number: 0
relu
20 2
# W
-0.27393067
2.0869153
4.1721964
-0.13707982
-0.17590117
-0.021078289
-0.42579445
-7.1885285
1.8562803
-0.106407836
1.9691179
1.2875686
1.8709068
-0.52573395
-0.16370952
-3.4266741
-0.22675943
1.1042616
-0.27757925
-2.262094
-0.27301005
-1.0096787
0.15154435
-1.1755545
-0.3991853
-0.21183416
-0.4258394
-0.664799
-0.56142324
0.105324134
-0.7371711
-0.21124867
0.7238837
0.85604286
-0.4865017
0.99160063
-0.39679095
-0.7498001
-1.4604199
0.3544223
# B
0.0
-0.095660865
-0.16562554
0.7719943
0.0
0.0
0.0
0.37951785
0.4347953
-0.106749654
0.22482581
-0.08315072
-0.6820626
-0.27098885
0.0
0.035902835
0.0
0.6057797
0.4635973
0.4221611
# Layer Number: 1
relu
10 20
# W
-0.015852958
0.12185794
-0.3458844
-0.4057556
0.36801755
-0.33561182
-0.2831675
-0.22371587
0.18121308
0.32813585
-0.23610261
-0.40226576
-1.3279487
-0.2115534
0.01877419
0.6121105
-2.201441
-0.16172028
0.29514366
-0.0802727
0.06414206
-4.4325876
-0.6955811
-0.9910082
-0.80734146
0.29437682
-0.12036195
0.055884883
0.70303893
-0.33745998
-2.4267423
-1.694789
-0.37086108
-0.30609134
-1.8443639
-0.04979035
0.37495056
0.082550466
-2.017262
-0.8516109
0.40508187
-0.2648767
0.03955996
0.39924443
-0.37029544
0.04038769
-0.16033888
-0.15554547
0.40183794
-0.3077801
0.058247745
-0.3973269
0.41252953
-0.10180387
0.04172486
-0.0070261955
0.2898928
0.31830245
0.30524647
0.35167038
0.13219106
0.23626155
-0.09298393
-0.061331004
0.43141168
0.13156635
0.25284672
-0.12546054
-0.43232313
0.21950167
-0.09823462
-1.2937561
-4.889303
-4.0567646
-8.880339
-1.1148728
1.0320077
0.13855287
0.22245361
0.31248924
-0.18378104
-3.1816885
1.3853196
1.0390052
0.33616257
0.070225604
0.08351804
-0.16873279
-0.80655766
0.68682265
-0.0029967471
-0.27333426
0.04426158
-0.04964551
-0.18747364
-0.025896959
-0.23818205
-0.16919504
0.012790581
0.06757892
-0.29921696
0.7322771
-1.1950929
-0.8569796
-0.101630054
-0.10126202
0.33785075
-0.07594137
0.509043
-0.15671867
0.073135644
-1.495027
-0.10898559
-0.07678816
-0.25014558
-0.029349077
-0.049289085
0.10377525
-0.09076711
0.6887542
-1.2489649
-0.5740856
-3.0309453
-1.1464624
-0.638078
0.17529948
-0.08391477
0.042114347
0.98819405
-0.28188223
0.6770112
0.3348749
-1.0254308
-0.6554191
-0.12754239
-0.005682563
-2.4484563
-0.30946374
0.82945305
0.70954466
0.303441
-0.22852099
0.23874909
0.42197162
-0.21257079
-0.4193347
0.11573887
0.4170071
-0.08677459
-0.27170807
-1.0867811
1.2053868
0.43344012
-0.29453155
-1.0182914
-0.6484618
-5.1808853
-0.37904814
1.7482904
-0.031576797
0.27341044
0.20985293
-0.08215156
-0.38191852
0.11481756
0.12217587
0.30365402
-0.03824541
0.19373232
-0.37664318
0.09952703
-4.2281837
1.2218955
1.1055354
-0.14096256
-0.5586214
0.08249496
-0.2562016
-0.30762714
-0.08480845
2.178291
-0.7845688
-0.31489104
-0.9934066
-2.9158452
0.24440017
0.8631115
-0.33265796
-1.3709677
0.20468995
-1.1070713
-0.004390859
-0.32641488
0.9012337
-0.021012774
-0.7325948
-3.4435923
-0.2754462
-2.3451693
-0.054926373
# B
1.1626688
-0.2939588
0.27159634
0.4573535
1.4095502
0.87370694
0.80785155
-0.025489645
-0.3319545
0.18731347
# Layer Number: 2
relu
3 10
# W
-0.01832764
-0.045246016
0.18135086
0.0045017116
-0.042292554
0.848496
-0.01334617
-0.0061067673
0.34198412
-0.0013392112
-0.014801396
0.33022502
0.0018856805
0.033127822
-0.41914532
0.055903558
0.057432443
0.17250007
-0.0045112465
-0.0033889182
0.21646193
-0.55140257
0.23765844
0.059198894
0.0028114046
-0.007706166
0.14584002
0.0041096234
0.4900903
0.016464671
# B
0.021028707
0.40197954
0.1304834
